1833485820
15294321174
-5890433956
-3318675732
-5117836152
-7444321918
-7783668711
-8832187166
2780143529
-17312373329
-1856604554
-8085775612
13620173866
-3885814511
-773411321
6798917390
14760048605
-9035982310
-7800460465
9070162766
405822351
-2853821916
-3275141916
-4422587574
9016401251
-3587957451
12684129974
17022227189
4661337541
-3390001613
-3364827975
21128207275
8515544346
-2654574309
-3022355237
-5434152721
-9203382045
-2497605254
-1751575711
3791069814
5733187152
-21496308382
-2198618602
7120031960
-3331413389
3579680283
-7474725892
6628464330
15751361855
-15674087686
234155866
-2366680875
16752087830
