19362,16349,16917,16896,18256,17078,16843,19157,18567,17998,15371,15244,17558
19012,19067,17092,18146,18931,15108,15822,15117,15516
15145,19361,19693,19204,15024,15067,19155,16325,19746,17942,16919,15984,19568,17991,15426,16167
16552,19600,17368,16684,17964,16773,16506,18524,15139,19455,16381
15043,16745,19038,19780,17880,19295,15268,18133,17955,19820,18027,18199,17829
15980,15142,16100,17638,18155,14952,18797,15711
15533,19218,17161,16893,16964,17355,16055
18266,17866,16821,19223,16291,18040,19789,16557,18100,17468,19428,19225,17600,18444,16608,15367,14953,15099,17491,18567,18511,15393,18705,15562,19949,18033,18974,16303,15248
16359,16264,15094,19171,19843,19899,15658,17233,18599,15391,17754,18239,15055
16495,15702,17249,16062,18687,19795,15433,17823,18286,19991,17153
18241,19141,19271
15301,17315,19867,18183,19150,18538,19671,17622,17228,18850,17139,17361,17950,18219,15407,17296,15874,16166,15061
18053,14957,15775
17505,16727,16991,18416,18577,19853,19594,18118,17314,19644,17004,15215,16937,19316,17039,17229,17473,19052
15699,17767,16394,18299,17768,18244,16891,16029,15560,19799,19558
15896,17550,18988,17561,17792,19176
19597,15100,17882,19872,17930,16633,18218,15215,15538,16770,19246,16272,18685,15246,18297
18175,19742,18522,19074,14940,16951,17758,15238,16450,17516,16362,18404,15796,15519,16278,19490,19166
15693,16114,19538,17925,19386,19225,18438,17652,17228,16818,19407,17324,18046,17107,18655,16381,19089,18030,16972,16070,17145,17228,17311,18428,17212,18830
17876,19467,15238,17683,19755,18532,18312,16049,19269,16368,19117,18758,15185
19931,17657,18231,16330,16117,15880,19724,16120,17211,14923,19641,17758,17759,17760
16747,15162,17727,19318,16536,15855,15632
18574,18358,19809,18830,18918,18806
15940,15406,19645,17060,15491,18991,17069
15461,16749,16799,16680,16310,17538,18808,15490,15818,18004,15618,16868,17068,16072
19727,17528,17783,19998,19807,16026,18242,17018,15846,18088,17928,17200,15383,17648,16450,15260,16391
17748,16370,16030,17865,16101,16461,15058,16514,15193,16919,15382,17203,17284,18665,16977,16638,18782
18144,17688,18807,18243,15720,19579,18823,18559,19912,17036,19238,18683,18181,18694,19640,16089
18388,17266,15360,15324,16909,17595,15371,16262,18991,15241,16836,18431,17164,18861,17657,15124,19455,19132,18921,16192,15522
18113,18312,17340,15804,16102,15951,17719,15206,17003,17841,18844,19285,15004
19138,17484,16545,19173,18871,18585,15232,16294,19950,16937,15332,18077,15231,15578,19663,18967,19063,17327,18528,17652,15521
17687,18340,18544,16151,16807,19398,18499,19269,15782,19479
19648,18352,17338,17082,16887,18440,19993,16040,15220,17545,17999,17034,19674,16872,19788,19925,16904,15248,16299,17492,19032
18012,16188,18674,18830,17646,17283,18211,15191,16502,18086
17868,18493,17698,16388,16258,19560,15720,19373,16351
16732,18019,18157,15347,16203,15102,16866
17168,18168,18998,16672,16671,17631,17873,17110,15269,18229,18711,15854,19034,19425
18905,18645,19677,17313,15729,14945,15594,19363,18101,16980,14984,16707,15198
18127,15864,17348,19674,16310,16781,15240,15188,18237,15062,16761,18461,19755,17362,14969,15724,18619,18561,16831,15486
16303,19847,16623,18648,18737
15937,16336,16310,19944,16721
17185,19653,16267,15401,16135,16425,16772,19925,19480,17417,17145
18165,18638,19708,17739
15745,18757,16790,17272,18422,18027,18230,19695,19341,15570,17624,19679,17646,16211,16086
18493,18540,17540,16935,15926,17693,17478,17983,16228,18851,17626,15602,17732,19369,18914,16091,16263
15580,19061,15370,15121,16724,16597,19738,19625,19865,17689,15513,15174,16847,19000,14908,16926,18944,18799,15091
19554,19556,15842,16886,19328,17381,19913,19284,18657,19542,17242,18103,17711,17319,15814,17824,17679,18096,17560,16399
19570,18948,19626,17043,16778,16096,19487,19676,15963,18671,18450,17656,16738,16713,17201,15456,18084,17015,16354,19689,16920,19524,15968,16280
17441,15788,15243,18898,15216,15031,16898,18095,18257,15414,19713,18657,15770,19399,19338,16974,18395
19590,19463,17590,17037,17596,16176,19691,17605,15622,17180,17413,15734,16003,18153,17575
19595,15996,16820,17587,19191,19026,19604,16811
17594,16191,19688,17146,19484,16748,19129,16905,19906,15578,18043,17555,18726
15532,19397,19769,18438,16467,17069,16334,17481,16615,18986,17499,16321,15417,17035,17864
16207,17473,15285,19114
14970,17741,18018,19726,17757,19686,15828,18399,17923,18462,16679,15713
19935,19354,17301,19699,16257,15355,16911,18199,19320,18198
17363,17790
17361,19473,18984,16274,14945,16623,19884,16482,17342,19539,17664,16378,17663,18949,19032
19789
15147,18496,19533,18533,19769,16948,15379,17730,17051,19705,19029,15126,18471
17867,15756,18776,16875,15497,16445,15545,18471
18555,16845,16562,15022,14921,14978,15553,16128,18639,16773,18532,19637,16295,17058,17873,19513,18871,14920,14925,14931,18843,18761
19666,17053,17894
18927,18087,15328,16027,17272,18518,15795,15329,17731,18108,18462
18224,15489,18692,18780,19834,17991,15440,19118,15402,17982,16257,16637
17380,17467,19118,18397,16679,15818,16901
17379,18284,18468,15615,19321,15467,18276
15779,16375,16809,18197,17634,17035,16704,16520,19817,17637,17790,16794,18625,15487,17643,19446,17327,17749,14923,15898
19931,16742,19365,17115,18961,17125,16180,14896,16228,17291
19853,17908,19071,15024,19990,18638,18269,16225,17315,18306,17670,17413,18939
15330,17377,19571,19593,15956,18767,19608,15613,15745,16546,16064,16167
15848,16193,16568,16943,17319,19681,16112,19603,19282,19477,19627,16197,17334
18563,17462,18103,16755,14899,16123,17948
17003,17777,15295,18927,15996,16907,18074,17369,19443,16251
14921,17683,18753,19279,15200,17967,15781,19171,15720,16269
18541,19189,18378,19954,19887,19852,19908,18343
17317,16216,15550,19929,15103,18385
19225,17359,16826,16030,17018,17126,15963,17898,19982,19737,17001,17430,15762,19589,15671
19891,16162,19859,15445,16171,17744,18974,17634,17444
15840,15892,15549,15206,15860,15408,18514
16250,16396,19696,19607,15475,19888,15516
15910,16610,17920,18121,17086,18126,19838,16722,18907,19076,19679
15785,18327,19679,16623,19885,18881,17401,16465,18916,17118,17547,18570
