4562,19362,10326,9532,1952,8519,2431,1447,503,7844,14504,12925,NA,2641,5401,2994,11847,4936,NA,5825,16349,13706,2883,9585,16917,16896,7840,12108,18256,6797,11650,NA,17078,10165,7476,7852,7499,10805,NA,12538,6898,14340,14710,6680,NA,11063,13897,10571,16843,928,NA,19157,1606,18567,3842,17998,1380,15371,12573,15244,3262,17558,4566
668,3962,1680,19012,19067,6052,17092,12060,6264,1632,9482,12935,1613,18146,6420,2239,NA,3417,NA,18931,15108,15822,8032,15117,6268,2142,15516,9631,10786,8582,14000,2818,13411,8916,8459
8209,11519,15145,162,19361,12793,4455,19693,10962,19204,2334,15024,15067,13157,9894,9542,2635,805,10332,2216,9466,8418,9539,13171,3575,6864,NA,11145,19155,16325,4577,8388,2812,11908,7507,7073,7018,19746,17942,2618,NA,16919,1399,11584,7562,8890,2698,1958,NA,850,8321,724,15984,19568,NA,8516,14735,10911,1408,7552,14037,17991,10650,4661,6644,8728,12491,5173,6272,6911,15426,5940,2097,16167
16552,19600,6471,17368,8932,1765,16684,14477,14001,6972,17964,7222,16773,3506,12458,1512,2466,3357,474,4858,3582,7528,16506,991,18524,8449,10824,NA,19455,9591,647,6386,16381
35,4272,1647,15043,6909,12759,3552,7010,11491,11546,12240,12045,11980,11873,10693,11777,5135,16745,19038,2520,7544,9268,6274,364,19780,1124,13630,1077,1169,17880,19295,5845,15268,5872,14648,3503,8610,3606,14418,18133,9754,10083,13144,7129,NA,13733,2467,12506,17955,11653,12412,10337,12178,14734,NA,11398,10835,19820,2248,9010,NA,14128,18027,13238,11381,18199,7380,206,10740,327,17829,8827,14330,10277,6038,2553
8561,2487,9712,13671,8971,15980,10615,3951,15142,12034,16100,3371,17638,14328,12211,2468,NA,18155,14952,4885,18797,15711,1331,2987
15533,14744,4511,6365,6542,1002,19218,14160,3255,14132,6934,17161,5492,2731,10709,8889,16893,12654,16964,8523,NA,2598,6634,17355,5476,2236,NA,557,16055,7498,5974,913
7034,18266,9168,4434,17866,16821,4485,19223,4359,13522,10272,16291,NA,19789,16557,18100,17468,NA,9953,19428,4038,13756,19225,17600,12502,18444,16608,NA,14127,7836,12819,14953,13141,5495,4074,6288,11682,2881,8981,7324,5108,9320,15099,2569,14640,8634,6012,10969,4433,17491,9599,7989,18567,10928,18511,9659,15393,18705,15562,19949,11833,18033,1818,18974,NA,4710,16303,2717,14082,12903,15248
12097,2989,5968,4611,7070,12862,10511,3097,9003,16359,10850,16264,NA,13925,8089,14443,19171,19843,19899,84,11409,NA,14359,15658,17233,4001,18599,NA,7298,4431,7117,14684,5705,9075,940,1782,11883,2502,NA,5849,NA,4073,9230,15391,14360,3777,17754,18239,15055,13426,7640,8646,7046,6734
1789,1908,626,8631,9046,3775,5315,6952,16495,1280,15702,14244,17249,9212,5926,8850,13429,1304,6669,1788,3725,261,13193,9654,5234,2773,6330,8714,8500,8013,14634,16062,18687,2366,13289,11670,2640,19795,3664,15433,2219,3515,2768,1516,12140,11275,17823,4569,18286,3637,13771,19991,14136,7508,12140,14711,11485,12546,8517,17153
11655,8363,18241,2834,1699,8203,4536,13619,14487,12938,13089,11630,7797,6794,NA,19141,7233,11307,8779,19271
7648,14716,15301,17315,1439,11013,4889,8418,10400,1011,8690,4552,4627,3410,NA,6907,11560,1941,2961,19867,9595,18183,19150,2737,18538,2253,19671,17622,7906,5511,3961,6750,166,17228,18850,17139,NA,9416,17361,13615,975,481,3629,17950,2054,18219,NA,12596,12307,14290,17296,6441,15874,16166,6671,15061,6071,9952
9589,18053,8620,14957,7386,4352,14427,9463,1149,6979,1155,2103,581,6233,7861,15775,2541,10773,9758,13577,10271,4618,2888,6303,7947
17505,3016,13175,11441,16727,321,8978,16991,4100,18416,7261,7975,12699,5252,18577,19853,19594,1269,8742,18118,6941,10912,4584,6584,NA,17314,19644,17004,8186,15215,16937,12475,4490,NA,1406,19316,7604,17039,2058,5036,10513,10295,17229,7636,9612,8549,17473,19052
15699,7834,8023,17767,5742,4714,16394,4129,4267,10143,8648,3264,8308,18299,534,9392,4790,8137,7549,8156,10001,12972,17768,14850,8772,280,2579,NA,18244,16891,16029,15560,12126,19799,19558
6672,1194,13324,4907,3287,15896,6797,17550,3663,18988,17561,538,5771,17792,9775,6421,19176,5823,11285,9325,6372
19597,14428,11909,9016,12110,15100,17882,9354,3255,8891,19872,505,7024,944,9520,9108,10177,6761,9492,10119,NA,3889,17930,16633,18218,15215,15538,16770,19246,3150,16272,5226,18685,6533,15246,11290,18297,11005
8017,18175,13305,9021,2277,1203,10147,2544,3169,19742,1454,13707,10043,14336,676,18522,13438,19074,13054,1345,14940,9653,6969,12708,10662,NA,1107,NA,7806,16951,2319,621,13236,1937,1005,9165,17758,3077,1042,13511,15238,10241,2463,1674,3296,16450,17516,7664,16362,18404,17,13773,15796,13169,15519,NA,4894,5980,5690,5181,16278,19490,13818,7794,3987,10364,11297,19166,11758,6182,8548,4977,13068,1762,1769,12454
15693,16114,5993,3385,19538,10960,4760,17925,19386,2155,3969,NA,1922,3430,11493,19225,NA,17652,3583,NA,17228,16818,3769,NA,19407,11056,10418,14756,NA,13291,1015,17324,18046,8249,8048,NA,17107,18655,5009,7361,NA,376,16381,2586,69,19089,NA,16972,16070,14137,17145,NA,17311,9210,18428,2215,7573,8429,17212,18830,2165
17876,5282,19467,15238,9173,7193,13967,6677,5570,8441,6310,17683,5180,9431,3448,478,12613,1439,NA,13361,9066,3848,19755,18532,12025,NA,6948,8942,5485,NA,18312,16049,5857,260,19269,12393,11661,16368,309,8400,5536,19117,3304,1733,8556,6244,5617,4028,18758,7019,3591,9586,14665,15185,2454,6138,6207,11852
10975,4697,4445,13802,7518,19931,17657,6178,11240,134,622,3001,NA,18231,16330,7339,11792,307,NA,1595,16117,NA,4862,2217,NA,2608,10907,15880,2135,NA,9760,10390,19724,272,11325,12736,12292,4198,16120,17211,12762,NA,12477,14923,8128,5790,5845,11940,2249,10859,NA,10897,3450,5640,14632,549,NA,19641,17758,NA,17760,12309,10600,5572,9061,152,5397,5672
11043,8450,5516,1375,8237,16747,1888,981,1292,1441,12598,NA,17727,19318,NA,13755,476,2194,15855,12053,10749,15632,13923,14070
7388,13273,18574,6932,4508,10672,7211,9855,12006,7421,18358,3571,8286,245,14177,13391,9718,NA,1320,6582,19809,5164,11306,18830,8486,520,8471,9493,3681,9301,18918,18806
1421,14038,7085,11564,1822,8760,10968,12415,1204,6668,5352,7349,15940,15406,NA,3372,3128,NA,19645,6019,14326,4818,17060,6069,13585,511,9670,952,15491,18991,3419,6916,9875,17069,6286,4438,2094,5376,14063,4445,10232
15461,16749,16799,16680,9234,16310,17538,9116,18808,12244,15490,12648,7714,398,13661,1615,NA,14251,11006,9701,2497,11066,12021,7921,NA,15818,9047,NA,18004,NA,13232,14213,16868,17068,4535,12152,9639,16072,13587
6442,19727,12974,2286,4197,5515,6862,52,1902,1616,17528,10312,10167,10864,8157,12802,1196,17783,19998,4045,4580,19807,NA,8695,10525,9328,8566,2283,9598,16026,18242,11882,17018,5505,15846,18088,4906,3258,NA,13445,1471,17928,6187,NA,10857,10995,NA,2750,1306,17200,10490,8670,8670,NA,9559,NA,2802,1896,2410,4019,15383,13833,9557,7062,17648,4441,4109,16450,NA,9528,14828,4715,15260,16391,5458,6966
17748,4559,8123,16370,6975,3330,493,14584,5714,5970,8031,436,14196,NA,17865,NA,14337,14099,5122,NA,9197,16461,15058,8912,11934,448,11276,16514,15193,590,16919,15382,13768,6157,5208,4121,5119,11872,5104,10342,8531,6290,5398,12661,3487,5240,6829,NA,438,13283,5004,17203,17284,14331,6537,18665,16977,16638,10706,10241,707,9931,1786,14539,2365,NA,2163,6557,1163,8432,18782
7302,14195,12644,4156,12846,5710,3210,12524,18144,12568,975,11196,2027,5053,1255,14497,14785,4131,17688,18807,9454,6055,18243,15720,19579,2999,2816,18823,18559,3952,12096,19912,13428,802,10239,5337,17036,3420,19238,NA,8937,1679,12713,8619,8326,6880,6477,7659,18683,10924,18181,18694,10713,NA,12349,19640,4224,10428,2282,14828,12949,16089,11543,12357,12728
5261,18388,3332,7454,7701,12478,10213,17266,1249,15360,90,15324,12229,1997,9639,527,3544,16909,NA,8060,17595,10259,NA,15371,16262,11408,9027,18991,746,791,15241,NA,18431,2971,17164,18861,4049,6756,4782,12946,13071,9175,3338,284,9367,17657,15124,4969,7362,19455,771,NA,19132,5894,18921,16192,3069,15522,10350,6218,3424
10633,18113,9250,12596,4181,5715,18312,6694,6876,4208,2055,5923,7406,17340,1668,12796,NA,1442,12545,15804,16102,9818,1032,7606,5318,7389,15951,10391,11733,17719,NA,12694,10924,17003,10854,8879,NA,3835,17841,7028,668,8808,6008,6906,14879,8147,NA,6473,18844,1335,NA,2493,8851,NA,14248,19285,3532,11389,5943,11024,13613,4491,1605,10304,NA,6223,15004,7830,4496,12571,12931
19138,11438,17484,309,11975,2306,3581,16545,2728,19173,2973,18871,9201,567,4362,1321,10351,4120,6261,8341,18585,11784,NA,5112,8650,6678,5696,13916,15232,5317,9914,8413,5855,1477,6263,12187,8672,NA,4203,11760,390,16294,5068,10775,12142,10573,19950,NA,822,10625,1460,16937,1403,15332,18077,15231,15578,19663,4931,18967,4602,19063,17327,6036,NA,1052,18528,4572,NA,6901,17652,9926,15521,6536,255
17687,18340,10501,11904,18544,16151,9162,16807,19398,11251,350,18499,NA,268,848,NA,19269,1552,15782,10543,9011,3693,19479
13,19648,18352,8660,7233,13177,17338,6390,17082,1499,14031,225,467,16887,NA,19993,5737,NA,13720,9005,16040,12107,15220,9215,4635,17545,17999,13321,14803,17034,949,19674,12316,4857,13329,16872,7671,9010,11187,19788,9799,10728,19925,1444,2220,16904,15248,14222,16299,9656,17492,19032,5
5226,9466,7905,5572,11146,4334,6443,11855,4051,286,18012,11318,16188,3284,13805,3535,18674,11259,NA,12000,18830,10906,NA,7461,7558,NA,9257,5175,6860,17646,17283,13867,18211,1655,15191,6259,16502,8612,18086,14434,5846
11412,17868,18493,6880,5581,10204,1010,4781,12108,10981,11932,13031,13509,1959,4046,17698,16388,10651,6826,16258,13147,2522,9362,NA,19560,15720,12818,12540,8141,9278,4160,3659,14342,6100,5801,4069,1779,8865,13536,1753,19373,6462,6943,13685,16351,12627,8026,12509,437
1796,16732,18019,18157,9332,12033,6919,8681,12469,1184,15347,13773,593,1244,16203,6809,15102,14278,10682,5480,NA,16866,NA,3381,3969,9454,9669,10518,10434,6613,12777,8933,5257
6524,3538,13875,8007,9245,370,2391,8246,17168,13635,13018,18168,18998,16672,NA,12383,5429,11607,6760,7698,7443,9967,16671,17631,NA,11447,7613,4679,12073,7870,17873,606,NA,8913,17110,NA,12310,NA,18229,7017,10885,18711,10007,2718,15854,4577,7220,10001,2420,NA,6128,NA,7775,6055,12826,710,14033,2128,7959,NA,13847,13527,2866,10539,19034,19425
18905,389,3733,10738,11774,1416,18645,19677,10241,12632,10160,NA,17313,15729,7354,14945,2842,NA,13273,15594,6947,4453,4203,13188,7658,19363,5429,11275,11729,9683,11235,18101,13463,1913,11874,5903,NA,16980,7602,NA,8588,13289,NA,12559,14984,14519,11378,10835,6936,16707,5467,290,7977,2079,11138,5064,15198,2621,3958,NA,13016,2238,7353,3092,13725,65,1177,8464
18127,15864,3486,6232,17348,1183,3104,12154,13835,19674,16310,NA,13071,8819,3466,252,16781,NA,13700,15188,5770,18237,15062,NA,18461,19755,NA,14969,1654,NA,3804,8559,251,646,14605,9899,8627,12247,NA,7971,NA,14477,15724,3461,5285,2495,18619,7318,2417,NA,5386,18561,2609,6836,NA,8731,1073,6577,16831,9900,15486
9826,5922,810,6436,2706,4504,14877,16303,13448,13217,5789,7791,7690,6164,2538,977,19847,9122,16623,8800,6132,10008,9310,8881,10759,18648,18737,2881
7190,1646,2670,564,15937,13152,13010,9214,8558,9209,4533,NA,13537,8306,13736,5411,11035,1962,16336,11705,16310,19944,9470,14782,503,16721,957,9224,1137
17185,8725,2571,10163,9532,2624,19653,14132,16267,15401,16135,14059,6034,16425,1716,9785,9243,13670,16772,13045,NA,10863,6208,19925,19480,NA,4773,1692,3440,17417,6744,17145,13252,2576
5562,7965,2552,5843,8546,8574,8448,11387,18165,18638,19708,13355,2174,1708,3177,7906,1755,12073,17739,12255,3850,13498,7014
15745,227,7849,3891,11714,3814,4546,18757,3610,7360,899,16790,17272,8624,18422,2366,9632,10208,2919,NA,18027,18230,8351,19695,5592,8639,11104,9999,19341,1406,15570,NA,19679,10359,17646,10497,16211,16086,7415,8585,1972,3736
12989,6618,18493,4085,14148,11096,1854,8036,4525,6817,5902,6962,18540,NA,3232,3364,4770,3197,12351,17540,729,9433,12691,4640,16935,8424,4816,14159,NA,17693,6624,8201,17478,9555,17983,16228,14883,18851,3407,17626,4192,12856,15602,326,12333,6315,17732,2391,NA,19369,18914,5620,2910,16091,2144,16263
9835,13362,10273,6382,12124,9440,15580,4649,6760,10370,4601,19061,2383,NA,12718,NA,3040,NA,15370,13519,NA,16724,11964,2532,1075,7855,16597,NA,10286,14721,NA,3029,1002,19738,9451,8528,7571,19625,3589,19865,NA,15513,13501,NA,16847,7740,19000,NA,7421,14908,NA,18944,8418,1795,18799,15091,13949,6334
9534,14766,19554,11725,3415,19556,15842,6218,3626,1768,232,NA,9421,11622,13018,4389,14444,NA,19328,NA,10376,NA,329,NA,12039,7020,10529,11592,17381,14713,19913,11958,5467,4265,10566,13361,9817,13575,19284,5666,18657,19542,17242,4118,14623,7761,2034,5380,9283,10480,8171,NA,9206,18103,NA,17319,15814,2967,17824,10051,544,11583,NA,13808,7860,17679,18096,12221,7969,14511,17560,16399,2599,630,6331,410,837
4256,10128,19570,11196,18948,19626,3572,17043,16778,5811,9061,4858,14578,16096,7358,NA,6350,9481,8799,3453,19487,19676,15963,9349,18671,18450,NA,3373,8350,12503,10735,4271,1493,12405,12006,12597,7207,17656,8208,16738,10704,8162,12909,595,8599,16713,17201,NA,4643,15456,18084,9861,11987,12330,6793,9967,12950,8925,17015,13554,13019,NA,19689,16920,5939,19524,4738,1331,12306,463,7150,9654,15968,12980,16280
13728,17441,13672,12127,2453,15788,15243,10511,18898,14337,12010,13598,13999,3688,8648,15216,15031,14732,10134,NA,4126,16898,7610,18095,2380,18257,3898,4269,15414,19713,9008,11767,18657,15770,19399,NA,10324,5264,NA,8128,11936,1116,NA,2652,4903,2714,NA,7944,19338,16974,7612,13460,13228,8170,1550,5628,9539,18395
3649,19590,1366,14536,19463,8883,13407,6775,10034,4740,8409,14320,1968,13366,17590,14387,NA,5902,8336,17037,12957,13019,7065,4303,2649,17596,5029,7788,16176,3474,5997,10907,2470,19691,7553,8326,3216,12822,17605,15622,17180,1868,1451,2501,10127,9145,271,13526,17413,4152,13733,6624,6227,10458,15734,16003,4109,946,8151,NA,3644,18153,3783,7320,17575,12020,3199,11082,14124
14204,13749,6953,13867,745,9030,19595,15996,16820,4982,5985,1850,14624,12761,17587,4291,9334,7335,19191,19026,533,6614,108,5746,7463,19604,7981,14529,5594,16811
17594,3292,12247,12101,5284,14470,12636,4030,16191,5638,10165,278,10730,6994,9299,4571,NA,2661,1528,19688,13737,13206,10152,11045,8195,10184,17146,19484,2530,NA,8008,4637,16748,12191,2948,10007,4943,904,312,19129,1422,9112,14798,13905,NA,19906,2269,13959,15578,12603,8116,18043,11183,9530,17555,18726,4283
9306,2163,15532,2143,5093,725,10264,3695,3872,13730,8728,11710,19397,4443,9929,4494,6302,8017,2477,9767,6944,9957,10866,19769,5753,18438,191,NA,12690,7474,3783,16467,4151,1690,17069,16334,NA,8468,17481,4500,NA,358,7172,16615,NA,5556,8449,2052,7843,NA,18986,17499,8981,8406,16321,15417,12393,17035,2977,2443,7188,9030,12016,4007,17864,14221,7609,11213,7874
10629,7676,3142,4630,8362,2365,13109,8619,16207,6705,10844,12398,8524,17473,15285,1752,19114,3545,12982,3451,1151
3112,1321,8696,7383,11235,11247,9354,14970,8876,14442,8416,10920,4004,4755,17741,12019,NA,10550,8005,1928,2137,2528,18018,1822,NA,2664,473,8545,3611,9357,19726,13199,5380,1644,17757,5060,5481,19686,8171,12708,8294,9878,12564,13425,15828,18399,14869,9860,13021,17923,NA,4299,18462,13276,NA,3516,5890,4945,934,9859,16679,13471,13819,3632,7177,11011,11317,7248,5218,1453,15713,13203
9302,4392,19935,8755,5702,7103,13028,12837,8676,711,3215,19354,17301,1274,4155,NA,3327,1213,19699,10756,283,9372,16257,11911,NA,9891,15355,16911,6537,18199,12163,8858,9008,NA,19320,2330,11606,18198,12241,5531,10206,5009,11463,1076,13572
7971,13758,5575,3031,10084,5423,1870,12413,17363,14051,4049,8587,9590,17790,10863,1995,124,6126,11781,5310,8445
419,12894,8007,9137,17361,259,14141,6832,11803,19473,60,9047,7725,5780,7940,14503,18984,16274,6762,NA,6316,14945,NA,4487,3418,16623,6842,12753,19884,1098,7970,12028,7918,12811,8308,16482,856,5240,17342,3526,19539,10354,17664,12908,16378,NA,18949,5390,3765,10365,12923,19032,13780,10307,3590,2962,8949,3028,6568
7113,2225,9504,14734,14241,9677,10943,11938,6545,4938,14415,NA,5866,12698,19789,4185,14254,14482,2329,2171,14791,5439
15147,2727,377,18496,9352,19533,18533,12550,10075,3740,3134,19769,7751,6463,NA,5300,16948,NA,13810,17730,17051,NA,11151,8621,393,1969,5047,149,8122,553,19705,19029,4473,579,14858,15126,4862,4746,2203,11749,18471,6313
7142,17867,14825,3027,5897,15756,10120,7356,14669,4867,13646,10383,18776,14550,12561,NA,16875,1750,NA,4130,15497,8245,10871,16445,9618,3519,15545,18471,5312
7776,8790,1063,8044,2271,5268,1890,6391,13785,7457,2823,11053,NA,18555,16845,11156,4441,13450,13725,NA,10926,16562,NA,13483,13863,NA,14921,5380,217,8043,6682,10296,2677,6103,14978,NA,16128,3637,18639,16773,18532,5413,14248,14157,13595,19637,16295,17058,5125,NA,482,NA,1090,8629,11822,11884,13017,6663,NA,3966,211,323,17873,19513,4769,2362,18871,11910,14920,NA,14931,18843,8908,557,12365,18761,9519,3088,9156
3266,4287,14763,12897,19666,2319,9087,3349,2361,17053,10289,9513,1716,17894,6434,5104,355,7524,2293,430,12333
1118,9512,18927,12675,7766,18087,12573,11833,3255,1740,11107,1795,NA,46,901,6470,7327,6168,11739,4004,11214,2274,7249,43,3810,6304,13002,10312,8465,5923,8963,12466,15328,NA,7671,NA,16027,NA,18518,10467,9760,15795,10529,2393,6547,6455,15329,8725,5280,46,13096,7445,17731,2615,18108,606,12427,7439,18462,11586,873,10199,4613
18224,10513,15489,6689,18692,6023,18780,10040,19834,9084,17991,695,550,12047,15440,10089,9302,10524,11964,164,19118,15402,7444,42,5036,4568,17982,1728,10519,288,13731,NA,7128,NA,460,1819,NA,6203,3542,7030,16257,9881,10817,16637,7124,10131,14584,1456,8972,6526,5713,10156,6174
12745,7060,5672,17380,17467,5441,13456,11820,2294,3383,13049,12382,NA,9665,3965,14247,13608,1234,2502,NA,11775,11497,1451,11652,2349,7727,6841,19118,18397,13846,10928,NA,13375,10176,NA,12991,3185,16679,7692,8211,NA,5149,2784,13832,1104,12819,15818,12694,16901
1857,13875,17379,7596,2977,10211,18284,3504,13378,18468,14307,11607,9023,13832,12298,15615,9564,859,10440,12722,19321,15467,9520,11977,1812,11427,18276,7906,12932,2473,14088
15779,1817,14800,16375,16809,18197,9982,17634,11434,515,6855,6458,11486,NA,7099,10882,17035,NA,5931,13714,16704,6314,7194,10384,16520,3622,9596,5617,14726,13985,6580,19817,5058,5418,5392,17637,4788,5262,69,17790,16794,18625,9639,5982,5209,10269,4767,15487,758,17643,19446,263,1067,8215,4676,3844,17327,8504,NA,5853,10663,8499,17749,198,14923,8333,6216,353,4322,8665,15898,9548,11468,11891,9506,2938,9410
10946,8078,19931,16742,4959,6037,862,8067,19365,1327,17115,12323,18961,17125,16180,6929,10877,14896,14732,1507,16228,12672,7724,5736,NA,4841,NA,370,2699,11439,11376,8560,9388,9680,926,7424,17291
8289,19853,17908,3482,11489,13844,19071,14438,15024,3211,19990,5432,18638,7537,12188,9459,6757,NA,14626,18269,NA,14181,6913,NA,3333,4206,8130,NA,9260,12047,3788,3083,4612,17315,4392,NA,18306,17670,17413,8729,4595,6286,6485,5641,18939,2134
8253,15330,8755,2927,7122,142,17377,5856,8118,1815,3934,10539,8023,19571,13713,14072,8356,5497,1938,1958,19593,15956,5369,12067,18767,19608,15613,13248,4738,15745,3748,16546,NA,11649,14304,14167,5253,4991,16064,13497,16167,10836,3529,937,6793
2107,15848,2836,9203,6891,13295,4395,4853,11469,4010,4647,16193,NA,16943,11425,17319,4387,9488,11165,19681,759,8612,11838,NA,12621,NA,19603,19282,9601,19477,10184,12436,4298,19627,7417,3754,8340,5196,371,1678,16197,17334,NA,6973,3344,11225,4011,6707,10613
6743,18563,11795,1964,9496,12078,5700,17462,3856,18103,432,16755,14899,16123,7447,14111,NA,5317,13719,5270,410,5319,9402,13686,7592,11802,17948
17003,5753,3728,13377,10618,3044,3326,1306,12528,6497,12256,17777,7153,6877,11298,11647,14405,6429,15295,18927,1421,11486,7886,15996,NA,11955,7796,11442,NA,10773,16907,18074,17369,8134,10296,1361,19443,16251,6672,10920
2673,14921,3827,6668,13986,5573,17683,6079,18753,19279,13153,NA,5096,NA,5668,12366,12921,15200,9728,17967,12878,6415,5819,13971,2731,7036,1885,15781,19171,242,4118,4239,15720,7319,NA,5054,7581,16269,1451,553,3714,5385,3495,5050,4895,11411,50,1603,5579,6136,4609
4296,18541,3088,7261,2039,19189,1849,18378,11502,12772,7922,19954,NA,7980,3275,19887,3917,420,4069,6478,177,8174,14478,19852,NA,2296,19908,12570,4818,1263,18343
8819,3762,9331,17317,979,1113,4847,12565,16216,10086,6271,4365,3202,15550,12618,5004,8113,12324,8521,10056,19929,15103,18385,9434,4097,13325
4643,7984,8383,11013,10341,5048,7515,4656,19225,6285,11325,1725,11116,17359,16826,9181,12128,9134,3029,3086,16030,13673,7319,17018,12864,8020,7831,1191,NA,17126,10209,9817,2941,6505,NA,1153,13711,NA,11699,12705,12647,11405,15963,17898,13067,9462,NA,19982,10098,19737,17001,17430,NA,14095,7941,2069,13116,925,12760,7521,3224,11740,6537,19589,15671,9584,7215
4488,714,12583,11397,11396,11275,9742,19891,16162,19859,15445,1188,284,5981,10864,10583,16171,17744,14666,11438,12708,14507,18974,11459,17634,7356,17444,5881
12809,14384,858,15840,7876,6647,2306,1415,3988,7281,7316,NA,10375,15892,NA,15206,2137,15860,NA,3017,7536,15408,1571,10343,18514,NA,1028,7321,11087,NA,4378,3241,12715,11179,8422,3734
6352,1712,12461,14724,9948,16250,2474,16396,8435,19696,19607,2820,15475,309,2887,919,NA,1242,456,11619,19888,14666,3124,4527,15516,12113
11588,3073,2741,13833,6855,14363,15910,16610,17920,18121,13872,3615,17086,361,14403,18126,11130,692,19838,11474,16722,12306,348,13668,1211,8959,18907,5919,13384,19076,9786,NA,13996,7808,8665,19679,2837,7097
13797,12379,15785,158,10161,18327,1629,7177,19679,11732,12671,9713,9001,16623,7266,11616,19885,13945,NA,12477,10258,10922,2990,7917,11248,10883,NA,13371,18881,17401,13759,16465,18916,17118,6316,NA,8043,NA,17547,1918,2635,6507,8462,4198,12828,3619,12530,9669,11687,4695,985,NA,7174,5265,11984,18570,10312,8132
